1309
1311
1312
1317
1318
1319
1321
1323
1324
1325
1326
1330
1331
1333
1334
1337
1339
1340
1341
1342
1344
1345
1346
1348
1355
1356
1359
1360
1363
1364
1365
1366
1367
1368
1369
1371
1372
1373
1374
1377
1379
1382
1384
1385
1387
1390
1393
1397
1400
1409
1410
1411
1412
1420
1428
1433
1435
1439
1442
1452
1453
1463
1464
1466
1467
1468
1472
1476
1480
1482
1483
1486
1488
1490
1492
1495
1500
1503
1505
1508
1509
1510
1511
1512
1515
1516
1519
1521
1522
1523
1524
1526
1531
1532
1533
1534
1535
1537
1538
1539
1541
1542
1544
1548
1549
1550
1551
1556
1557
1558
1559
1561
1562
1563
1565
1566
1567
1568
1587
1588
1590
1598
1619
1627
1628
1632
1637
1642
1653
1663
1670
1672
1685
1712
1717
1718
1721
1735
1742
1743
1754
1760
1762
1764
1778
1781
1782
1798
1807
1808
1810
1818
1819
1821
1824
1826
1828
1833
1834
1837
1838
1841
1844
1853
1858
1862
1872
1882
1885
1895
1914
1916
1934
1948
1949
1968
1973
1976
1982
1993
1996
2000
2012
2029
2034
2044
2046
2053
2071
2078
2090
2097
2102
2108
2112
2117
2149
5152
5165
5185
5190
5191
5198
5203
5214
5224
5233
5241
5251
5256
7898
7909
7924
7925
7927
7932
7937
7946
7952
7957
7964
7977
7986
8020
8022
8037
8045
8048
8064
8079
8110
8111
8118
8119
8157
8180
8185
8192
8208
8217
8219
8225
8235
8244
8256
8268
8273
8278
8302
8320
8325
8341
8343
8344
8350
8351
8369
8376
8434
8439
8443
8473
8510
8515
8523
8547
8563
8596
8607
8648
8652
8657
8658
8690
8695
8716
8723
8735
8740
9015
9018
9042
9059
9089
9101
9105
9118
9179
9213
9217
9248
9254
9255
9346
9353
14001
14002
14005
44428763
44495814
